$ 1 6.25e-8 4.252108200006279 52 5 43
v 64 320 64 176 0 0 40 5 0 0 0.5
t 96 112 96 176 1 1 0 0.8325293186370741 80
w 80 176 64 176 0
w 112 176 192 176 0
l 192 176 336 176 0 0.00014 9.643672785036772
g 192 320 192 352 0
R 96 112 16 112 0 2 10000 5 0 0 0.75
d 192 320 192 176 2 default
162 336 176 336 320 2 default-led 1 0 0 0.1
w 64 320 192 320 0
w 192 320 336 320 0
o 6 64 0 4099 10 0.2 0 2 6 3
o 4 64 0 20483 10 12.8 1 2 4 3
o 3 64 0 20483 20 12.8 2 2 3 3
o 8 64 0 20483 5 12.8 3 2 8 3
o 0 64 0 20483 5 12.8 4 2 0 3
